資料：crates/downloader/tests/fixtures/BTCUSDT/1d/BTCUSDT-1d-2024-01.csv，31 根
參數：SmaCross(fast=3, slow=8)，起始資金 10000

==============================================================================
情境 A：零成本（frictionless）
==============================================================================
 #           收盤         快線SMA3         慢線SMA8   訊號               權益
 0 44179.55000000              —              —   空手   10000.00000000
 1 44946.91000000              —              —   空手   10000.00000000
 2 42845.23000000 43990.56333333              —   空手   10000.00000000
 3 44151.10000000 43981.08000000              —   空手   10000.00000000
 4 44145.11000000 43713.81333333              —   空手   10000.00000000
 5 43968.32000000 44088.17666667              —   空手   10000.00000000
 6 43929.02000000 44014.15000000              —   空手   10000.00000000
 7 46951.04000000 44949.46000000 44389.53500000    多   10000.00000000
 8 46110.00000000 45663.35333333 44630.84125000    多    9820.86871546
 9 46653.99000000 46571.67666667 44844.22625000    多    9936.73196510
10 46339.16000000 46367.71666667 45280.96750000    多    9869.67700658
11 42782.73000000 45258.62666667 45109.92125000    多    9112.20069834
12 42847.99000000 43989.96000000 44947.78125000   空手    9126.10028412
13 41732.35000000 42454.35666667 44668.28500000   空手    9126.10028412
14 42511.10000000 42363.81333333 44491.04500000   空手    9126.10028412
15 43137.95000000 42460.46666667 44014.40875000   空手    9126.10028412
16 42776.10000000 42808.38333333 43597.67125000   空手    9126.10028412
17 41327.50000000 42413.85000000 42931.86000000   空手    9126.10028412
18 41659.03000000 41920.87666667 42346.84375000   空手    9126.10028412
19 41696.04000000 41560.85666667 42211.00750000   空手    9126.10028412
20 41580.33000000 41645.13333333 42052.55000000   空手    9126.10028412
21 39568.02000000 40948.13000000 41782.00875000   空手    9126.10028412
22 39897.60000000 40348.65000000 41455.32125000   空手    9126.10028412
23 40084.88000000 39850.16666667 41073.68750000   空手    9126.10028412
24 39961.09000000 39981.19000000 40721.81125000   空手    9126.10028412
25 41823.51000000 40623.16000000 40783.81250000   空手    9126.10028412
26 42120.63000000 41301.74333333 40841.51250000    多    9126.10028412
27 42031.06000000 41991.73333333 40883.39000000    多    9106.69352752
28 43302.70000000 42484.79666667 41098.68625000    多    9382.21443815
29 42941.10000000 42758.28666667 41520.32125000    多    9303.86808125
30 42580.00000000 42941.26666667 41855.62125000    多    9225.63005726

成交 3 筆：
  第  8 根 買進 價 46951.04000000 數量 0.21298783 手續費 0.00000000
  第 13 根 賣出 價 42847.99000000 數量 0.21298783 手續費 0.00000000
  第 27 根 買進 價 42120.63000000 數量 0.21666581 手續費 0.00000000

指標：
  總報酬     -0.07743699
  年化報酬   -0.6249247309
  最大回撤   0.08933065
  夏普       -3.1401020154（f64）
             -3.14010028（全整數路徑，同公式）
  期間（年） 0.08219178  每年 365 期
  期末權益   9225.63005726

權益曲線（給 Rust 測試斷言用）：
  1704067200000 10000.00000000
  1704153600000 10000.00000000
  1704240000000 10000.00000000
  1704326400000 10000.00000000
  1704412800000 10000.00000000
  1704499200000 10000.00000000
  1704585600000 10000.00000000
  1704672000000 10000.00000000
  1704758400000 9820.86871546
  1704844800000 9936.73196510
  1704931200000 9869.67700658
  1705017600000 9112.20069834
  1705104000000 9126.10028412
  1705190400000 9126.10028412
  1705276800000 9126.10028412
  1705363200000 9126.10028412
  1705449600000 9126.10028412
  1705536000000 9126.10028412
  1705622400000 9126.10028412
  1705708800000 9126.10028412
  1705795200000 9126.10028412
  1705881600000 9126.10028412
  1705968000000 9126.10028412
  1706054400000 9126.10028412
  1706140800000 9126.10028412
  1706227200000 9126.10028412
  1706313600000 9126.10028412
  1706400000000 9106.69352752
  1706486400000 9382.21443815
  1706572800000 9303.86808125
  1706659200000 9225.63005726

==============================================================================
情境 B：滑價 0.05% + 現貨 VIP0 吃單費 0.1%（部位不預留手續費）
==============================================================================
 #           收盤         快線SMA3         慢線SMA8   訊號               權益
 0 44179.55000000              —              —   空手   10000.00000000
 1 44946.91000000              —              —   空手   10000.00000000
 2 42845.23000000 43990.56333333              —   空手   10000.00000000
 3 44151.10000000 43981.08000000              —   空手   10000.00000000
 4 44145.11000000 43713.81333333              —   空手   10000.00000000
 5 43968.32000000 44088.17666667              —   空手   10000.00000000
 6 43929.02000000 44014.15000000              —   空手   10000.00000000
 7 46951.04000000 44949.46000000 44389.53500000    多   10000.00000000
 8 46110.00000000 45663.35333333 44630.84125000    多    9805.96073427
 9 46653.99000000 46571.67666667 44844.22625000    多    9921.76608162
10 46339.16000000 46367.71666667 45280.96750000    多    9854.74463360
11 42782.73000000 45258.62666667 45109.92125000    多    9097.64687176
12 42847.99000000 43989.96000000 44947.78125000   空手    9111.53951128
13 41732.35000000 42454.35666667 44668.28500000   空手    9097.86176254
14 42511.10000000 42363.81333333 44491.04500000   空手    9097.86176254
15 43137.95000000 42460.46666667 44014.40875000   空手    9097.86176254
16 42776.10000000 42808.38333333 43597.67125000   空手    9097.86176254
17 41327.50000000 42413.85000000 42931.86000000   空手    9097.86176254
18 41659.03000000 41920.87666667 42346.84375000   空手    9097.86176254
19 41696.04000000 41560.85666667 42211.00750000   空手    9097.86176254
20 41580.33000000 41645.13333333 42052.55000000   空手    9097.86176254
21 39568.02000000 40948.13000000 41782.00875000   空手    9097.86176254
22 39897.60000000 40348.65000000 41455.32125000   空手    9097.86176254
23 40084.88000000 39850.16666667 41073.68750000   空手    9097.86176254
24 39961.09000000 39981.19000000 40721.81125000   空手    9097.86176254
25 41823.51000000 40623.16000000 40783.81250000   空手    9097.86176254
26 42120.63000000 41301.74333333 40841.51250000    多    9097.86176254
27 42031.06000000 41991.73333333 40883.39000000    多    9064.88020541
28 43302.70000000 42484.79666667 41098.68625000    多    9339.41130961
29 42941.10000000 42758.28666667 41520.32125000    多    9261.34641130
30 42580.00000000 42941.26666667 41855.62125000    多    9183.38945672

成交 3 筆：
  第  8 根 買進 價 46974.51552000 數量 0.21288139 手續費 10.00000016
  第 13 根 賣出 價 42826.56600500 數量 0.21288139 手續費 9.11697890
  第 27 根 買進 價 42141.69031500 數量 0.21588744 手續費 9.09786164

指標：
  總報酬     -0.08166105
  年化報酬   -0.6452929170
  最大回撤   0.09351198
  夏普       -3.3132600581（f64）
             -3.31326146（全整數路徑，同公式）
  期間（年） 0.08219178  每年 365 期
  期末權益   9183.38945672

權益曲線（給 Rust 測試斷言用）：
  1704067200000 10000.00000000
  1704153600000 10000.00000000
  1704240000000 10000.00000000
  1704326400000 10000.00000000
  1704412800000 10000.00000000
  1704499200000 10000.00000000
  1704585600000 10000.00000000
  1704672000000 10000.00000000
  1704758400000 9805.96073427
  1704844800000 9921.76608162
  1704931200000 9854.74463360
  1705017600000 9097.64687176
  1705104000000 9111.53951128
  1705190400000 9097.86176254
  1705276800000 9097.86176254
  1705363200000 9097.86176254
  1705449600000 9097.86176254
  1705536000000 9097.86176254
  1705622400000 9097.86176254
  1705708800000 9097.86176254
  1705795200000 9097.86176254
  1705881600000 9097.86176254
  1705968000000 9097.86176254
  1706054400000 9097.86176254
  1706140800000 9097.86176254
  1706227200000 9097.86176254
  1706313600000 9097.86176254
  1706400000000 9064.88020541
  1706486400000 9339.41130961
  1706572800000 9261.34641130
  1706659200000 9183.38945672

==============================================================================
情境 B'：同上，但部位預留手續費（qty = 權益 / (價格 × (1+費率))）
==============================================================================
 #           收盤         快線SMA3         慢線SMA8   訊號               權益
 0 44179.55000000              —              —   空手   10000.00000000
 1 44946.91000000              —              —   空手   10000.00000000
 2 42845.23000000 43990.56333333              —   空手   10000.00000000
 3 44151.10000000 43981.08000000              —   空手   10000.00000000
 4 44145.11000000 43713.81333333              —   空手   10000.00000000
 5 43968.32000000 44088.17666667              —   空手   10000.00000000
 6 43929.02000000 44014.15000000              —   空手   10000.00000000
 7 46951.04000000 44949.46000000 44389.53500000    多   10000.00000000
 8 46110.00000000 45663.35333333 44630.84125000    多    9806.15458085
 9 46653.99000000 46571.67666667 44844.22625000    多    9921.84423784
10 46339.16000000 46367.71666667 45280.96750000    多    9854.88974473
11 42782.73000000 45258.62666667 45109.92125000    多    9098.54832886
12 42847.99000000 43989.96000000 44947.78125000   空手    9112.42708952
13 41732.35000000 42454.35666667 44668.28500000   空手    9098.76300496
14 42511.10000000 42363.81333333 44491.04500000   空手    9098.76300496
15 43137.95000000 42460.46666667 44014.40875000   空手    9098.76300496
16 42776.10000000 42808.38333333 43597.67125000   空手    9098.76300496
17 41327.50000000 42413.85000000 42931.86000000   空手    9098.76300496
18 41659.03000000 41920.87666667 42346.84375000   空手    9098.76300496
19 41696.04000000 41560.85666667 42211.00750000   空手    9098.76300496
20 41580.33000000 41645.13333333 42052.55000000   空手    9098.76300496
21 39568.02000000 40948.13000000 41782.00875000   空手    9098.76300496
22 39897.60000000 40348.65000000 41455.32125000   空手    9098.76300496
23 40084.88000000 39850.16666667 41073.68750000   空手    9098.76300496
24 39961.09000000 39981.19000000 40721.81125000   空手    9098.76300496
25 41823.51000000 40623.16000000 40783.81250000   空手    9098.76300496
26 42120.63000000 41301.74333333 40841.51250000    多    9098.76300496
27 42031.06000000 41991.73333333 40883.39000000    多    9065.81113143
28 43302.70000000 42484.79666667 41098.68625000    多    9340.09515598
29 42941.10000000 42758.28666667 41520.32125000    多    9262.10051655
30 42580.00000000 42941.26666667 41855.62125000    多    9184.21372370

成交 3 筆：
  第  8 根 買進 價 46974.51552000 數量 0.21266872 手續費 9.99001009
  第 13 根 賣出 價 42826.56600500 數量 0.21266872 手續費 9.10787097
  第 27 根 買進 價 42141.69031500 數量 0.21569314 手續費 9.08967351

指標：
  總報酬     -0.08157863
  年化報酬   -0.6449053703
  最大回撤   0.09341889
  夏普       -3.3132813061（f64）
             -3.31327177（全整數路徑，同公式）
  期間（年） 0.08219178  每年 365 期
  期末權益   9184.21372370

權益曲線（給 Rust 測試斷言用）：
  1704067200000 10000.00000000
  1704153600000 10000.00000000
  1704240000000 10000.00000000
  1704326400000 10000.00000000
  1704412800000 10000.00000000
  1704499200000 10000.00000000
  1704585600000 10000.00000000
  1704672000000 10000.00000000
  1704758400000 9806.15458085
  1704844800000 9921.84423784
  1704931200000 9854.88974473
  1705017600000 9098.54832886
  1705104000000 9112.42708952
  1705190400000 9098.76300496
  1705276800000 9098.76300496
  1705363200000 9098.76300496
  1705449600000 9098.76300496
  1705536000000 9098.76300496
  1705622400000 9098.76300496
  1705708800000 9098.76300496
  1705795200000 9098.76300496
  1705881600000 9098.76300496
  1705968000000 9098.76300496
  1706054400000 9098.76300496
  1706140800000 9098.76300496
  1706227200000 9098.76300496
  1706313600000 9098.76300496
  1706400000000 9065.81113143
  1706486400000 9340.09515598
  1706572800000 9262.10051655
  1706659200000 9184.21372370

==============================================================================
情境 B''：同 B，但目標沒變時也每根重新平衡（示範碎單成本）
==============================================================================
 #           收盤         快線SMA3         慢線SMA8   訊號               權益
 0 44179.55000000              —              —   空手   10000.00000000
 1 44946.91000000              —              —   空手   10000.00000000
 2 42845.23000000 43990.56333333              —   空手   10000.00000000
 3 44151.10000000 43981.08000000              —   空手   10000.00000000
 4 44145.11000000 43713.81333333              —   空手   10000.00000000
 5 43968.32000000 44088.17666667              —   空手   10000.00000000
 6 43929.02000000 44014.15000000              —   空手   10000.00000000
 7 46951.04000000 44949.46000000 44389.53500000    多   10000.00000000
 8 46110.00000000 45663.35333333 44630.84125000    多    9805.96073427
 9 46653.99000000 46571.67666667 44844.22625000    多    9921.56794190
10 46339.16000000 46367.71666667 45280.96750000    多    9854.64865309
11 42782.73000000 45258.62666667 45109.92125000    多    9098.70365798
12 42847.99000000 43989.96000000 44947.78125000   空手    9112.57515277
13 41732.35000000 42454.35666667 44668.28500000   空手    9098.91766352
14 42511.10000000 42363.81333333 44491.04500000   空手    9098.91766352
15 43137.95000000 42460.46666667 44014.40875000   空手    9098.91766352
16 42776.10000000 42808.38333333 43597.67125000   空手    9098.91766352
17 41327.50000000 42413.85000000 42931.86000000   空手    9098.91766352
18 41659.03000000 41920.87666667 42346.84375000   空手    9098.91766352
19 41696.04000000 41560.85666667 42211.00750000   空手    9098.91766352
20 41580.33000000 41645.13333333 42052.55000000   空手    9098.91766352
21 39568.02000000 40948.13000000 41782.00875000   空手    9098.91766352
22 39897.60000000 40348.65000000 41455.32125000   空手    9098.91766352
23 40084.88000000 39850.16666667 41073.68750000   空手    9098.91766352
24 39961.09000000 39981.19000000 40721.81125000   空手    9098.91766352
25 41823.51000000 40623.16000000 40783.81250000   空手    9098.91766352
26 42120.63000000 41301.74333333 40841.51250000    多    9098.91766352
27 42031.06000000 41991.73333333 40883.39000000    多    9065.93227792
28 43302.70000000 42484.79666667 41098.68625000    多    9340.06244083
29 42941.10000000 42758.28666667 41520.32125000    多    9262.10681742
30 42580.00000000 42941.26666667 41855.62125000    多    9184.25883899

成交 10 筆：
  第  8 根 買進 價 46974.51552000 數量 0.21288139 手續費 10.00000016
  第  9 根 賣出 價 46086.94500000 數量 0.00032316 手續費 0.01489346
  第 10 根 賣出 價 46630.67300000 數量 0.00000171 手續費 0.00007974
  第 11 根 買進 價 46362.32958000 數量 0.00000072 手續費 0.00003338
  第 12 根 買進 價 42804.13137000 數量 0.00000883 手續費 0.00037796
  第 13 根 賣出 價 42826.56600500 數量 0.21256607 手續費 9.10347483
  第 27 根 買進 價 42141.69031500 數量 0.21591250 手續費 9.09891771
  第 28 根 賣出 價 42010.03447500 數量 0.00032428 手續費 0.01362301
  第 29 根 賣出 價 43281.05864500 數量 0.00000363 手續費 0.00015711
  第 30 根 買進 價 42962.57055000 數量 0.00000090 手續費 0.00003867

指標：
  總報酬     -0.08157412
  年化報酬   -0.6448841472
  最大回撤   0.09340677
  夏普       -3.3147059485（f64）
             -3.31470541（全整數路徑，同公式）
  期間（年） 0.08219178  每年 365 期
  期末權益   9184.25883899

權益曲線（給 Rust 測試斷言用）：
  1704067200000 10000.00000000
  1704153600000 10000.00000000
  1704240000000 10000.00000000
  1704326400000 10000.00000000
  1704412800000 10000.00000000
  1704499200000 10000.00000000
  1704585600000 10000.00000000
  1704672000000 10000.00000000
  1704758400000 9805.96073427
  1704844800000 9921.56794190
  1704931200000 9854.64865309
  1705017600000 9098.70365798
  1705104000000 9112.57515277
  1705190400000 9098.91766352
  1705276800000 9098.91766352
  1705363200000 9098.91766352
  1705449600000 9098.91766352
  1705536000000 9098.91766352
  1705622400000 9098.91766352
  1705708800000 9098.91766352
  1705795200000 9098.91766352
  1705881600000 9098.91766352
  1705968000000 9098.91766352
  1706054400000 9098.91766352
  1706140800000 9098.91766352
  1706227200000 9098.91766352
  1706313600000 9098.91766352
  1706400000000 9065.93227792
  1706486400000 9340.06244083
  1706572800000 9262.10681742
  1706659200000 9184.25883899
